tmp:
 0:  0  4  8 12
 1:  0  4  8 12
 2:  0  4  8 12
 3:  0  4  8 12
 4:  1  5  9 13
 5:  1  5  9 13
 6:  1  5  9 13
 7:  1  5  9 13
 8:  2  6 10 14
 9:  2  6 10 14
10:  2  6 10 14
11:  2  6 10 14
12:  3  7 11 15
13:  3  7 11 15
14:  3  7 11 15
15:  3  7 11 15

========= #0 ==========

shuffle:
1 3 2 0 
8 0 5 10 9 15 7 3 1 2 12 4 6 11 13 14 

sel B: 1

tmp2:
 0:  4 12  8  0
 1:  0  8 12  4
 2: 12  0  4  8
 3:  8  4  0 12
 4:  5  9  1 13
 5:  1 13  5  9
 6: 13  5  9  1
 7:  9  1 13  5
 8:  6  2 14 10
 9:  2  6 10 14
10: 14 10  2  6
11: 10 14  6  2
12:  7 11 15  3
13:  3 15 11  7
14: 15  7  3 11
15: 11  3  7 15


final:
 0:  6  2 14 10
 1:  4 12  8  0
 2:  1 13  5  9
 3: 14 10  2  6
 4:  2  6 10 14
 5: 11  3  7 15
 6:  9  1 13  5
 7:  8  4  0 12
 8:  0  8 12  4
 9: 12  0  4  8
10:  7 11 15  3
11:  5  9  1 13
12: 13  5  9  1
13: 10 14  6  2
14:  3 15 11  7
15: 15  7  3 11


========= #1 ==========

shuffle:
1 3 2 0 
1 0 4 10 7 6 3 15 11 14 8 9 12 13 2 5 

sel B: 0

tmp2:
 0:  4 12  8  0
 1:  0  8 12  4
 2: 12  0  4  8
 3:  8  4  0 12
 4:  5  9  1 13
 5:  1 13  5  9
 6: 13  5  9  1
 7:  9  1 13  5
 8:  6  2 14 10
 9:  2  6 10 14
10: 14 10  2  6
11: 10 14  6  2
12:  7 15  3 11
13:  3 11  7 15
14: 15  3 11  7
15: 11  7 15  3


final:
 0:  0  8 12  4
 1:  4 12  8  0
 2:  5  9  1 13
 3: 14 10  2  6
 4:  9  1 13  5
 5: 13  5  9  1
 6:  8  4  0 12
 7: 11  7 15  3
 8: 10 14  6  2
 9: 15  3 11  7
10:  6  2 14 10
11:  2  6 10 14
12:  7 15  3 11
13:  3 11  7 15
14: 12  0  4  8
15:  1 13  5  9


========= #2 ==========

shuffle:
0 1 2 3 
2 4 5 1 6 3 12 7 14 15 9 8 13 10 0 11 

sel B: 0

tmp2:
 0:  0  4  8 12
 1: 12  8  4  0
 2:  4 12  0  8
 3:  8  0 12  4
 4:  1  9 13  5
 5: 13  5  1  9
 6:  5  1  9 13
 7:  9 13  5  1
 8:  2 14  6 10
 9: 14  2 10  6
10:  6 10 14  2
11: 10  6  2 14
12:  3  7 15 11
13: 15 11  3  7
14:  7 15 11  3
15: 11  3  7 15


final:
 0:  4 12  0  8
 1:  1  9 13  5
 2: 13  5  1  9
 3: 12  8  4  0
 4:  5  1  9 13
 5:  8  0 12  4
 6:  3  7 15 11
 7:  9 13  5  1
 8:  7 15 11  3
 9: 11  3  7 15
10: 14  2 10  6
11:  2 14  6 10
12: 15 11  3  7
13:  6 10 14  2
14:  0  4  8 12
15: 10  6  2 14


========= #3 ==========

shuffle:
1 2 0 3 
5 13 0 8 10 1 15 6 2 14 7 12 9 4 11 3 

sel B: 2

tmp2:
 0:  4  8  0 12
 1: 12  0  8  4
 2:  8 12  4  0
 3:  0  4 12  8
 4:  5  1 13  9
 5: 13  9  5  1
 6:  9  5  1 13
 7:  1 13  9  5
 8:  6 14 10  2
 9: 14  6  2 10
10: 10  2 14  6
11:  2 10  6 14
12:  7 15  3 11
13: 15  7 11  3
14: 11  3  7 15
15:  3 11 15  7


final:
 0: 13  9  5  1
 1: 15  7 11  3
 2:  4  8  0 12
 3:  6 14 10  2
 4: 10  2 14  6
 5: 12  0  8  4
 6:  3 11 15  7
 7:  9  5  1 13
 8:  8 12  4  0
 9: 11  3  7 15
10:  1 13  9  5
11:  7 15  3 11
12: 14  6  2 10
13:  5  1 13  9
14:  2 10  6 14
15:  0  4 12  8


========= #4 ==========

shuffle:
2 1 3 0 
5 4 7 3 12 0 8 11 15 2 9 6 10 13 14 1 

sel B: 0

tmp2:
 0:  8  4 12  0
 1:  0 12  4  8
 2:  4  0  8 12
 3: 12  8  0  4
 4:  9 13  1  5
 5:  1  5  9 13
 6:  5  9 13  1
 7: 13  1  5  9
 8: 10  2  6 14
 9:  2 10 14  6
10:  6 14  2 10
11: 14  6 10  2
12: 11  7  3 15
13:  3 15 11  7
14:  7  3 15 11
15: 15 11  7  3


final:
 0:  1  5  9 13
 1:  9 13  1  5
 2: 13  1  5  9
 3: 12  8  0  4
 4: 11  7  3 15
 5:  8  4 12  0
 6: 10  2  6 14
 7: 14  6 10  2
 8: 15 11  7  3
 9:  4  0  8 12
10:  2 10 14  6
11:  5  9 13  1
12:  6 14  2 10
13:  3 15 11  7
14:  7  3 15 11
15:  0 12  4  8

