tmp:
 0:  0  1  2  3
 1:  0  1  2  3
 2:  0  1  2  3
 3:  0  1  2  3
 4:  0  1  2  3
 5:  0  1  2  3
 6:  0  1  2  3
 7:  0  1  2  3
 8:  0  1  2  3
 9:  0  1  2  3
10:  0  1  2  3
11:  0  1  2  3
12:  0  1  2  3
13:  0  1  2  3
14:  0  1  2  3
15:  0  1  2  3

========= #0 ==========

shuffle:
3 2 0 1 
3 12 7 0 15 10 1 11 6 14 8 4 13 9 2 5 

sel B: 1

tmp2:
 0:  3  2  0  1
 1:  1  0  2  3
 2:  2  1  3  0
 3:  0  3  1  2
 4:  3  0  1  2
 5:  1  2  3  0
 6:  2  3  0  1
 7:  0  1  2  3
 8:  3  1  2  0
 9:  1  3  0  2
10:  2  0  1  3
11:  0  2  3  1
12:  3  0  2  1
13:  1  2  0  3
14:  2  3  1  0
15:  0  1  3  2


final:
 0:  0  3  1  2
 1:  3  0  2  1
 2:  0  1  2  3
 3:  3  2  0  1
 4:  0  1  3  2
 5:  2  0  1  3
 6:  1  0  2  3
 7:  0  2  3  1
 8:  2  3  0  1
 9:  2  3  1  0
10:  3  1  2  0
11:  3  0  1  2
12:  1  2  0  3
13:  1  3  0  2
14:  2  1  3  0
15:  1  2  3  0


========= #1 ==========

shuffle:
0 2 1 3 
6 0 4 12 8 11 15 1 10 13 7 14 5 9 2 3 

sel B: 1

tmp2:
 0:  0  2  1  3
 1:  3  1  2  0
 2:  2  3  0  1
 3:  1  0  3  2
 4:  0  1  3  2
 5:  3  2  0  1
 6:  2  0  1  3
 7:  1  3  2  0
 8:  0  3  2  1
 9:  3  0  1  2
10:  2  1  3  0
11:  1  2  0  3
12:  0  1  2  3
13:  3  2  1  0
14:  2  0  3  1
15:  1  3  0  2


final:
 0:  2  0  1  3
 1:  0  2  1  3
 2:  0  1  3  2
 3:  0  1  2  3
 4:  0  3  2  1
 5:  1  2  0  3
 6:  1  3  0  2
 7:  3  1  2  0
 8:  2  1  3  0
 9:  3  2  1  0
10:  1  3  2  0
11:  2  0  3  1
12:  3  2  0  1
13:  3  0  1  2
14:  2  3  0  1
15:  1  0  3  2


========= #2 ==========

shuffle:
3 0 2 1 
12 8 3 2 10 13 9 6 7 11 14 4 15 1 5 0 

sel B: 2

tmp2:
 0:  3  0  2  1
 1:  1  2  0  3
 2:  0  1  3  2
 3:  2  3  1  0
 4:  3  2  1  0
 5:  1  0  3  2
 6:  0  3  2  1
 7:  2  1  0  3
 8:  3  1  0  2
 9:  1  3  2  0
10:  0  2  1  3
11:  2  0  3  1
12:  3  1  2  0
13:  1  3  0  2
14:  0  2  3  1
15:  2  0  1  3


final:
 0:  3  1  2  0
 1:  3  1  0  2
 2:  2  3  1  0
 3:  0  1  3  2
 4:  0  2  1  3
 5:  1  3  0  2
 6:  1  3  2  0
 7:  0  3  2  1
 8:  2  1  0  3
 9:  2  0  3  1
10:  0  2  3  1
11:  3  2  1  0
12:  2  0  1  3
13:  1  2  0  3
14:  1  0  3  2
15:  3  0  2  1


========= #3 ==========

shuffle:
2 3 1 0 
1 12 7 8 13 6 5 4 14 3 11 9 15 10 0 2 

sel B: 1

tmp2:
 0:  2  3  1  0
 1:  0  1  3  2
 2:  3  0  2  1
 3:  1  2  0  3
 4:  2  1  0  3
 5:  0  3  2  1
 6:  3  2  1  0
 7:  1  0  3  2
 8:  2  0  3  1
 9:  0  2  1  3
10:  3  1  0  2
11:  1  3  2  0
12:  2  1  3  0
13:  0  3  1  2
14:  3  2  0  1
15:  1  0  2  3


final:
 0:  0  1  3  2
 1:  2  1  3  0
 2:  1  0  3  2
 3:  2  0  3  1
 4:  0  3  1  2
 5:  3  2  1  0
 6:  0  3  2  1
 7:  2  1  0  3
 8:  3  2  0  1
 9:  1  2  0  3
10:  1  3  2  0
11:  0  2  1  3
12:  1  0  2  3
13:  3  1  0  2
14:  2  3  1  0
15:  3  0  2  1


========= #4 ==========

shuffle:
1 0 3 2 
9 1 10 0 4 11 8 7 14 6 2 13 12 5 15 3 

sel B: 1

tmp2:
 0:  1  0  3  2
 1:  2  3  0  1
 2:  0  2  1  3
 3:  3  1  2  0
 4:  1  3  2  0
 5:  2  0  1  3
 6:  0  1  3  2
 7:  3  2  0  1
 8:  1  2  0  3
 9:  2  1  3  0
10:  0  3  2  1
11:  3  0  1  2
12:  1  3  0  2
13:  2  0  3  1
14:  0  1  2  3
15:  3  2  1  0


final:
 0:  2  1  3  0
 1:  2  3  0  1
 2:  0  3  2  1
 3:  1  0  3  2
 4:  1  3  2  0
 5:  3  0  1  2
 6:  1  2  0  3
 7:  3  2  0  1
 8:  0  1  2  3
 9:  0  1  3  2
10:  0  2  1  3
11:  2  0  3  1
12:  1  3  0  2
13:  2  0  1  3
14:  3  2  1  0
15:  3  1  2  0

