tmp:
 0:  0  0  1  1
 1:  0  0  1  1
 2:  0  0  1  1
 3:  0  0  1  1
 4:  0  0  1  1
 5:  0  0  1  1
 6:  0  0  1  1
 7:  0  0  1  1
 8:  0  0  1  1
 9:  0  0  1  1
10:  0  0  1  1
11:  0  0  1  1
12:  0  0  1  1
13:  0  0  1  1
14:  0  0  1  1
15:  0  0  1  1

========= #0 ==========

shuffle:
1 2 3 0 
11 13 3 1 12 7 6 14 8 9 5 15 0 4 10 2 

sel B: 2

tmp2:
 0:  0  1  1  0
 1:  0  1  1  0
 2:  1  0  0  1
 3:  1  0  0  1
 4:  0  1  0  1
 5:  0  1  0  1
 6:  1  0  1  0
 7:  1  0  1  0
 8:  0  0  1  1
 9:  0  0  1  1
10:  1  1  0  0
11:  1  1  0  0
12:  0  0  1  1
13:  0  0  1  1
14:  1  1  0  0
15:  1  1  0  0


final:
 0:  1  1  0  0
 1:  0  0  1  1
 2:  1  0  0  1
 3:  0  1  1  0
 4:  0  0  1  1
 5:  1  0  1  0
 6:  1  0  1  0
 7:  1  1  0  0
 8:  0  0  1  1
 9:  0  0  1  1
10:  0  1  0  1
11:  1  1  0  0
12:  0  1  1  0
13:  0  1  0  1
14:  1  1  0  0
15:  1  0  0  1


========= #1 ==========

shuffle:
2 3 0 1 
13 0 10 6 7 4 1 8 15 3 11 5 9 2 12 14 

sel B: 1

tmp2:
 0:  1  1  0  0
 1:  0  0  1  1
 2:  1  0  1  0
 3:  0  1  0  1
 4:  1  0  0  1
 5:  0  1  1  0
 6:  1  1  0  0
 7:  0  0  1  1
 8:  1  0  1  0
 9:  0  1  0  1
10:  1  0  0  1
11:  0  1  1  0
12:  1  0  1  0
13:  0  1  0  1
14:  1  1  0  0
15:  0  0  1  1


final:
 0:  0  1  0  1
 1:  1  1  0  0
 2:  1  0  0  1
 3:  1  1  0  0
 4:  0  0  1  1
 5:  1  0  0  1
 6:  0  0  1  1
 7:  1  0  1  0
 8:  0  0  1  1
 9:  0  1  0  1
10:  0  1  1  0
11:  0  1  1  0
12:  0  1  0  1
13:  1  0  1  0
14:  1  0  1  0
15:  1  1  0  0


========= #2 ==========

shuffle:
0 2 1 3 
3 6 11 2 0 8 4 9 13 10 1 14 15 12 7 5 

sel B: 1

tmp2:
 0:  0  1  0  1
 1:  1  0  1  0
 2:  1  1  0  0
 3:  0  0  1  1
 4:  0  0  1  1
 5:  1  1  0  0
 6:  1  0  0  1
 7:  0  1  1  0
 8:  0  1  1  0
 9:  1  0  0  1
10:  1  0  1  0
11:  0  1  0  1
12:  0  0  1  1
13:  1  1  0  0
14:  1  0  1  0
15:  0  1  0  1


final:
 0:  0  0  1  1
 1:  1  0  0  1
 2:  0  1  0  1
 3:  1  1  0  0
 4:  0  1  0  1
 5:  0  1  1  0
 6:  0  0  1  1
 7:  1  0  0  1
 8:  1  1  0  0
 9:  1  0  1  0
10:  1  0  1  0
11:  1  0  1  0
12:  0  1  0  1
13:  0  0  1  1
14:  0  1  1  0
15:  1  1  0  0


========= #3 ==========

shuffle:
3 2 1 0 
4 0 6 7 3 11 9 5 14 8 15 10 2 1 12 13 

sel B: 1

tmp2:
 0:  1  1  0  0
 1:  0  0  1  1
 2:  1  0  1  0
 3:  0  1  0  1
 4:  1  0  0  1
 5:  0  1  1  0
 6:  1  1  0  0
 7:  0  0  1  1
 8:  1  0  1  0
 9:  0  1  0  1
10:  1  0  0  1
11:  0  1  1  0
12:  1  0  1  0
13:  0  1  0  1
14:  1  1  0  0
15:  0  0  1  1


final:
 0:  1  0  0  1
 1:  1  1  0  0
 2:  1  1  0  0
 3:  0  0  1  1
 4:  0  1  0  1
 5:  0  1  1  0
 6:  0  1  0  1
 7:  0  1  1  0
 8:  1  1  0  0
 9:  1  0  1  0
10:  0  0  1  1
11:  1  0  0  1
12:  1  0  1  0
13:  0  0  1  1
14:  1  0  1  0
15:  0  1  0  1


========= #4 ==========

shuffle:
3 1 2 0 
7 9 6 0 5 12 8 10 11 15 3 1 2 14 13 4 

sel B: 0

tmp2:
 0:  1  0  1  0
 1:  0  1  0  1
 2:  0  0  1  1
 3:  1  1  0  0
 4:  1  1  0  0
 5:  0  0  1  1
 6:  0  1  1  0
 7:  1  0  0  1
 8:  1  0  0  1
 9:  0  1  1  0
10:  0  1  0  1
11:  1  0  1  0
12:  1  0  0  1
13:  0  1  1  0
14:  0  0  1  1
15:  1  1  0  0


final:
 0:  1  0  0  1
 1:  0  1  1  0
 2:  0  1  1  0
 3:  1  0  1  0
 4:  0  0  1  1
 5:  1  0  0  1
 6:  1  0  0  1
 7:  0  1  0  1
 8:  1  0  1  0
 9:  1  1  0  0
10:  1  1  0  0
11:  0  1  0  1
12:  0  0  1  1
13:  0  0  1  1
14:  0  1  1  0
15:  1  1  0  0

